[double3(29.698600000000,0.000000000000,0.000000000000),double3(0.000000000000,27.583500000000,0.000000000000),double3(0.000000000000,0.000000000000,30.000000000000)]

double3(0.041400000000,0.000000000000,0.000000000000),
double3(0.082800000000,0.025700000000,0.000000000000),
double3(0.082800000000,0.077200000000,0.000000000000),
double3(0.124200000000,0.103000000000,0.000000000000),
double3(0.124200000000,0.154400000000,0.000000000000),
double3(0.165600000000,0.180200000000,0.000000000000),
double3(0.165600000000,0.231700000000,0.000000000000),
double3(0.207000000000,0.257400000000,0.000000000000),
double3(0.207000000000,0.308900000000,0.000000000000),
double3(0.248400000000,0.334600000000,0.000000000000),
double3(0.248400000000,0.386100000000,0.000000000000),
double3(0.289900000000,0.411800000000,0.000000000000),
double3(0.289900000000,0.463300000000,0.000000000000),
double3(0.331300000000,0.489100000000,0.000000000000),
double3(0.331300000000,0.540500000000,0.000000000000),
double3(0.372700000000,0.566300000000,0.000000000000),
double3(0.372700000000,0.617800000000,0.000000000000),
double3(0.414100000000,0.643500000000,0.000000000000),
double3(0.414100000000,0.695000000000,0.000000000000),
double3(0.455500000000,0.720700000000,0.000000000000),
double3(0.455500000000,0.772200000000,0.000000000000),
double3(0.496900000000,0.797900000000,0.000000000000),
double3(0.496900000000,0.849400000000,0.000000000000),
double3(0.538300000000,0.875200000000,0.000000000000),
double3(0.538300000000,0.926600000000,0.000000000000),
double3(0.579700000000,0.952400000000,0.000000000000),
double3(0.124200000000,0.000000000000,0.000000000000),
double3(0.165600000000,0.025700000000,0.000000000000),
double3(0.165600000000,0.077200000000,0.000000000000),
double3(0.207000000000,0.103000000000,0.000000000000),
double3(0.207000000000,0.154400000000,0.000000000000),
double3(0.248400000000,0.180200000000,0.000000000000),
double3(0.248400000000,0.231700000000,0.000000000000),
double3(0.289900000000,0.257400000000,0.000000000000),
double3(0.289900000000,0.308900000000,0.000000000000),
double3(0.331300000000,0.334600000000,0.000000000000),
double3(0.331300000000,0.386100000000,0.000000000000),
double3(0.372700000000,0.411800000000,0.000000000000),
double3(0.372700000000,0.463300000000,0.000000000000),
double3(0.414100000000,0.489100000000,0.000000000000),
double3(0.414100000000,0.540500000000,0.000000000000),
double3(0.455500000000,0.566300000000,0.000000000000),
double3(0.455500000000,0.617800000000,0.000000000000),
double3(0.496900000000,0.643500000000,0.000000000000),
double3(0.496900000000,0.695000000000,0.000000000000),
double3(0.538300000000,0.720700000000,0.000000000000),
double3(0.538300000000,0.772200000000,0.000000000000),
double3(0.579700000000,0.797900000000,0.000000000000),
double3(0.579700000000,0.849400000000,0.000000000000),
double3(0.621100000000,0.875200000000,0.000000000000),
double3(0.621100000000,0.926600000000,0.000000000000),
double3(0.662500000000,0.952400000000,0.000000000000),
double3(0.207000000000,0.000000000000,0.000000000000),
double3(0.248400000000,0.025700000000,0.000000000000),
double3(0.248400000000,0.077200000000,0.000000000000),
double3(0.289900000000,0.103000000000,0.000000000000),
double3(0.289900000000,0.154400000000,0.000000000000),
double3(0.331300000000,0.180200000000,0.000000000000),
double3(0.331300000000,0.231700000000,0.000000000000),
double3(0.372700000000,0.257400000000,0.000000000000),
double3(0.372700000000,0.308900000000,0.000000000000),
double3(0.414100000000,0.334600000000,0.000000000000),
double3(0.414100000000,0.386100000000,0.000000000000),
double3(0.455500000000,0.411800000000,0.000000000000),
double3(0.455500000000,0.463300000000,0.000000000000),
double3(0.496900000000,0.489100000000,0.000000000000),
double3(0.496900000000,0.540500000000,0.000000000000),
double3(0.538300000000,0.566300000000,0.000000000000),
double3(0.538300000000,0.617800000000,0.000000000000),
double3(0.579700000000,0.643500000000,0.000000000000),
double3(0.579700000000,0.695000000000,0.000000000000),
double3(0.621100000000,0.720700000000,0.000000000000),
double3(0.621100000000,0.772200000000,0.000000000000),
double3(0.662500000000,0.797900000000,0.000000000000),
double3(0.662500000000,0.849400000000,0.000000000000),
double3(0.703900000000,0.875200000000,0.000000000000),
double3(0.703900000000,0.926600000000,0.000000000000),
double3(0.745300000000,0.952400000000,0.000000000000),
double3(0.289900000000,0.000000000000,0.000000000000),
double3(0.331300000000,0.025700000000,0.000000000000),
double3(0.331300000000,0.077200000000,0.000000000000),
double3(0.372700000000,0.103000000000,0.000000000000),
double3(0.372700000000,0.154400000000,0.000000000000),
double3(0.414100000000,0.180200000000,0.000000000000),
double3(0.414100000000,0.231700000000,0.000000000000),
double3(0.455500000000,0.257400000000,0.000000000000),
double3(0.455500000000,0.308900000000,0.000000000000),
double3(0.496900000000,0.334600000000,0.000000000000),
double3(0.496900000000,0.386100000000,0.000000000000),
double3(0.538300000000,0.411800000000,0.000000000000),
double3(0.538300000000,0.463300000000,0.000000000000),
double3(0.579700000000,0.489100000000,0.000000000000),
double3(0.579700000000,0.540500000000,0.000000000000),
double3(0.621100000000,0.566300000000,0.000000000000),
double3(0.621100000000,0.617800000000,0.000000000000),
double3(0.662500000000,0.643500000000,0.000000000000),
double3(0.662500000000,0.695000000000,0.000000000000),
double3(0.703900000000,0.720700000000,0.000000000000),
double3(0.703900000000,0.772200000000,0.000000000000),
double3(0.745300000000,0.797900000000,0.000000000000),
double3(0.745300000000,0.849400000000,0.000000000000),
double3(0.786700000000,0.875200000000,0.000000000000),
double3(0.786700000000,0.926600000000,0.000000000000),
double3(0.828200000000,0.952400000000,0.000000000000),
double3(0.372700000000,0.000000000000,0.000000000000),
double3(0.414100000000,0.025700000000,0.000000000000),
double3(0.414100000000,0.077200000000,0.000000000000),
double3(0.455500000000,0.103000000000,0.000000000000),
double3(0.455500000000,0.154400000000,0.000000000000),
double3(0.496900000000,0.180200000000,0.000000000000),
double3(0.496900000000,0.231700000000,0.000000000000),
double3(0.538300000000,0.257400000000,0.000000000000),
double3(0.538300000000,0.308900000000,0.000000000000),
double3(0.579700000000,0.334600000000,0.000000000000),
double3(0.579700000000,0.386100000000,0.000000000000),
double3(0.621100000000,0.411800000000,0.000000000000),
double3(0.621100000000,0.463300000000,0.000000000000),
double3(0.662500000000,0.489100000000,0.000000000000),
double3(0.662500000000,0.540500000000,0.000000000000),
double3(0.703900000000,0.566300000000,0.000000000000),
double3(0.703900000000,0.617800000000,0.000000000000),
double3(0.745300000000,0.643500000000,0.000000000000),
double3(0.745300000000,0.695000000000,0.000000000000),
double3(0.786700000000,0.720700000000,0.000000000000),
double3(0.786700000000,0.772200000000,0.000000000000),
double3(0.828200000000,0.797900000000,0.000000000000),
double3(0.828200000000,0.849400000000,0.000000000000),
double3(0.869600000000,0.875200000000,0.000000000000),
double3(0.869600000000,0.926600000000,0.000000000000),
double3(0.911000000000,0.952400000000,0.000000000000),
double3(0.455500000000,0.000000000000,0.000000000000),
double3(0.496900000000,0.025700000000,0.000000000000),
double3(0.496900000000,0.077200000000,0.000000000000),
double3(0.538300000000,0.103000000000,0.000000000000),
double3(0.538300000000,0.154400000000,0.000000000000),
double3(0.579700000000,0.180200000000,0.000000000000),
double3(0.579700000000,0.231700000000,0.000000000000),
double3(0.621100000000,0.257400000000,0.000000000000),
double3(0.621100000000,0.308900000000,0.000000000000),
double3(0.662500000000,0.334600000000,0.000000000000),
double3(0.662500000000,0.386100000000,0.000000000000),
double3(0.703900000000,0.411800000000,0.000000000000),
double3(0.703900000000,0.463300000000,0.000000000000),
double3(0.745300000000,0.489100000000,0.000000000000),
double3(0.745300000000,0.540500000000,0.000000000000),
double3(0.786700000000,0.566300000000,0.000000000000),
double3(0.786700000000,0.617800000000,0.000000000000),
double3(0.828200000000,0.643500000000,0.000000000000),
double3(0.828200000000,0.695000000000,0.000000000000),
double3(0.869600000000,0.720700000000,0.000000000000),
double3(0.869600000000,0.772200000000,0.000000000000),
double3(0.911000000000,0.797900000000,0.000000000000),
double3(0.911000000000,0.849400000000,0.000000000000),
double3(0.952400000000,0.875200000000,0.000000000000),
double3(0.538300000000,0.000000000000,0.000000000000),
double3(0.579700000000,0.025700000000,0.000000000000),
double3(0.579700000000,0.077200000000,0.000000000000),
double3(0.621100000000,0.103000000000,0.000000000000),
double3(0.621100000000,0.154400000000,0.000000000000),
double3(0.662500000000,0.180200000000,0.000000000000),
double3(0.662500000000,0.231700000000,0.000000000000),
double3(0.703900000000,0.257400000000,0.000000000000),
double3(0.703900000000,0.308900000000,0.000000000000),
double3(0.745300000000,0.334600000000,0.000000000000),
double3(0.745300000000,0.386100000000,0.000000000000),
double3(0.786700000000,0.411800000000,0.000000000000),
double3(0.786700000000,0.463300000000,0.000000000000),
double3(0.828200000000,0.489100000000,0.000000000000),
double3(0.828200000000,0.540500000000,0.000000000000),
double3(0.869600000000,0.566300000000,0.000000000000),
double3(0.869600000000,0.617800000000,0.000000000000),
double3(0.911000000000,0.643500000000,0.000000000000),
double3(0.911000000000,0.695000000000,0.000000000000),
double3(0.952400000000,0.720700000000,0.000000000000),
double3(0.621100000000,0.000000000000,0.000000000000),
double3(0.662500000000,0.025700000000,0.000000000000),
double3(0.662500000000,0.077200000000,0.000000000000),
double3(0.703900000000,0.103000000000,0.000000000000),
double3(0.703900000000,0.154400000000,0.000000000000),
double3(0.745300000000,0.180200000000,0.000000000000),
double3(0.745300000000,0.231700000000,0.000000000000),
double3(0.786700000000,0.257400000000,0.000000000000),
double3(0.786700000000,0.308900000000,0.000000000000),
double3(0.828200000000,0.334600000000,0.000000000000),
double3(0.828200000000,0.386100000000,0.000000000000),
double3(0.869600000000,0.411800000000,0.000000000000),
double3(0.869600000000,0.463300000000,0.000000000000),
double3(0.911000000000,0.489100000000,0.000000000000),
double3(0.911000000000,0.540500000000,0.000000000000),
double3(0.952400000000,0.566300000000,0.000000000000),
double3(0.703900000000,0.000000000000,0.000000000000),
double3(0.745300000000,0.025700000000,0.000000000000),
double3(0.745300000000,0.077200000000,0.000000000000),
double3(0.786700000000,0.103000000000,0.000000000000),
double3(0.786700000000,0.154400000000,0.000000000000),
double3(0.828200000000,0.180200000000,0.000000000000),
double3(0.828200000000,0.231700000000,0.000000000000),
double3(0.869600000000,0.257400000000,0.000000000000),
double3(0.869600000000,0.308900000000,0.000000000000),
double3(0.911000000000,0.334600000000,0.000000000000),
double3(0.911000000000,0.386100000000,0.000000000000),
double3(0.952400000000,0.411800000000,0.000000000000),
double3(0.786700000000,0.000000000000,0.000000000000),
double3(0.828200000000,0.025700000000,0.000000000000),
double3(0.828200000000,0.077200000000,0.000000000000),
double3(0.869600000000,0.103000000000,0.000000000000),
double3(0.869600000000,0.154400000000,0.000000000000),
double3(0.911000000000,0.180200000000,0.000000000000),
double3(0.911000000000,0.231700000000,0.000000000000),
double3(0.952400000000,0.257400000000,0.000000000000),
double3(0.869600000000,0.000000000000,0.000000000000),
double3(0.911000000000,0.025700000000,0.000000000000),
double3(0.911000000000,0.077200000000,0.000000000000),
double3(0.952400000000,0.103000000000,0.000000000000),
double3(0.041400000000,0.154400000000,0.000000000000),
double3(0.082800000000,0.180200000000,0.000000000000),
double3(0.082800000000,0.231700000000,0.000000000000),
double3(0.124200000000,0.257400000000,0.000000000000),
double3(0.124200000000,0.308900000000,0.000000000000),
double3(0.165600000000,0.334600000000,0.000000000000),
double3(0.165600000000,0.386100000000,0.000000000000),
double3(0.207000000000,0.411800000000,0.000000000000),
double3(0.207000000000,0.463300000000,0.000000000000),
double3(0.248400000000,0.489100000000,0.000000000000),
double3(0.248400000000,0.540500000000,0.000000000000),
double3(0.289900000000,0.566300000000,0.000000000000),
double3(0.289900000000,0.617800000000,0.000000000000),
double3(0.331300000000,0.643500000000,0.000000000000),
double3(0.331300000000,0.695000000000,0.000000000000),
double3(0.372700000000,0.720700000000,0.000000000000),
double3(0.372700000000,0.772200000000,0.000000000000),
double3(0.414100000000,0.797900000000,0.000000000000),
double3(0.414100000000,0.849400000000,0.000000000000),
double3(0.455500000000,0.875200000000,0.000000000000),
double3(0.455500000000,0.926600000000,0.000000000000),
double3(0.496900000000,0.952400000000,0.000000000000),
double3(0.041400000000,0.308900000000,0.000000000000),
double3(0.082800000000,0.334600000000,0.000000000000),
double3(0.082800000000,0.386100000000,0.000000000000),
double3(0.124200000000,0.411800000000,0.000000000000),
double3(0.124200000000,0.463300000000,0.000000000000),
double3(0.165600000000,0.489100000000,0.000000000000),
double3(0.165600000000,0.540500000000,0.000000000000),
double3(0.207000000000,0.566300000000,0.000000000000),
double3(0.207000000000,0.617800000000,0.000000000000),
double3(0.248400000000,0.643500000000,0.000000000000),
double3(0.248400000000,0.695000000000,0.000000000000),
double3(0.289900000000,0.720700000000,0.000000000000),
double3(0.289900000000,0.772200000000,0.000000000000),
double3(0.331300000000,0.797900000000,0.000000000000),
double3(0.331300000000,0.849400000000,0.000000000000),
double3(0.372700000000,0.875200000000,0.000000000000),
double3(0.372700000000,0.926600000000,0.000000000000),
double3(0.414100000000,0.952400000000,0.000000000000),
double3(0.041400000000,0.463300000000,0.000000000000),
double3(0.082800000000,0.489100000000,0.000000000000),
double3(0.082800000000,0.540500000000,0.000000000000),
double3(0.124200000000,0.566300000000,0.000000000000),
double3(0.124200000000,0.617800000000,0.000000000000),
double3(0.165600000000,0.643500000000,0.000000000000),
double3(0.165600000000,0.695000000000,0.000000000000),
double3(0.207000000000,0.720700000000,0.000000000000),
double3(0.207000000000,0.772200000000,0.000000000000),
double3(0.248400000000,0.797900000000,0.000000000000),
double3(0.248400000000,0.849400000000,0.000000000000),
double3(0.289900000000,0.875200000000,0.000000000000),
double3(0.289900000000,0.926600000000,0.000000000000),
double3(0.331300000000,0.952400000000,0.000000000000),
double3(0.000000000000,0.540500000000,0.000000000000),
double3(0.041400000000,0.566300000000,0.000000000000),
double3(0.041400000000,0.617800000000,0.000000000000),
double3(0.082800000000,0.643500000000,0.000000000000),
double3(0.082800000000,0.695000000000,0.000000000000),
double3(0.124200000000,0.720700000000,0.000000000000),
double3(0.124200000000,0.772200000000,0.000000000000),
double3(0.165600000000,0.797900000000,0.000000000000),
double3(0.165600000000,0.849400000000,0.000000000000),
double3(0.207000000000,0.875200000000,0.000000000000),
double3(0.207000000000,0.926600000000,0.000000000000),
double3(0.248400000000,0.952400000000,0.000000000000),
double3(0.000000000000,0.695000000000,0.000000000000),
double3(0.041400000000,0.720700000000,0.000000000000),
double3(0.041400000000,0.772200000000,0.000000000000),
double3(0.082800000000,0.797900000000,0.000000000000),
double3(0.082800000000,0.849400000000,0.000000000000),
double3(0.124200000000,0.875200000000,0.000000000000),
double3(0.124200000000,0.926600000000,0.000000000000),
double3(0.165600000000,0.952400000000,0.000000000000),
double3(0.000000000000,0.849400000000,0.000000000000),
double3(0.041400000000,0.875200000000,0.000000000000),
double3(0.041400000000,0.926600000000,0.000000000000),
double3(0.082800000000,0.952400000000,0.000000000000),
